type_check_failed,error_msgs
True,"File ""dummpy_input_file"", line 4, in mute_shots: Name 'shot' is not defined [name-error]"
False,
False,
False,
False,
True,"File ""dummpy_input_file"", line 10, in test_bad_value_update: Name 'new_resp' is not defined [name-error]"
True,"File ""dummpy_input_file"", line 8, in test_non_destructive: Built-in function open was called with the wrong arguments [wrong-arg-types]"
False,
False,
False,
False,
False,
False,
False,
False,
False,
False,
False,
False,
False,
False,
False,
False,
False,
False,
False,
False,
False,
False,
False,
False,
False,
False,
False,
False,
False,
False,
False,
False,
False,
False,
False,
False,
False,
False,
False,
False,
False,
False,
False,
False,
False,
False,
False,
False,
False,
False,
False,
False,
False,
False,
False,
False,
False,
False,
False,
False,
False,
False,
False,
False,
False,
False,
False,
False,
False,
False,
False,
False,
False,
False,
False,
False,
False,
False,
False,
False,
False,
False,
False,
False,
False,
False,
False,
False,
False,
False,
False,
False,
False,
False,
False,
False,
False,
False,
True,"File ""dummpy_input_file"", line 446, in test_Factors: Name 'n' is not defined [name-error]"
False,
False,
False,
False,
True,"File ""dummpy_input_file"", line 19, in load_template_source: Name 'default_dir' is not defined [name-error]"
False,
True,"File ""dummpy_input_file"", line 21, in __init__: No attribute '_root' on List[str] [attribute-error]"
False,
True,"File ""dummpy_input_file"", line 4, in mkopener: Name 'opener' is not defined [name-error]"
False,
False,
False,
False,
False,
False,
False,
False,
True,"File ""dummpy_input_file"", line 17, in test_widget_fomat_in_fk_field: Name 'resource' is not defined [name-error]"
False,
False,
False,
False,
False,
False,
False,
False,
True,"File ""dummpy_input_file"", line 31, in test_EventArray_merge: Name 'epca2' is not defined [name-error]"
False,
False,
False,
False,
False,
False,
True,"File ""dummpy_input_file"", line 4, in type_w_old_style: Name 'the_type' is not defined [name-error]"
False,
False,
False,
False,
False,
True,"File ""dummpy_input_file"", line 20, in test_invalid_activation: Name 'expired_profile' is not defined [name-error]"
False,
False,
False,
False,
False,
False,
False,
False,
False,
False,
False,
False,
False,
False,
False,
True,"File ""dummpy_input_file"", line 5, in session_from_player: Name 'sessions' is not defined [name-error]"
False,
False,
False,
False,
False,
False,
False,
False,
False,
False,
False,
False,
False,
False,
False,
False,
False,
False,
False,
False,
False,
False,
True,"File ""dummpy_input_file"", line 15, in test_create_service_profile_invalid_enabled: No attribute 'fmt' on Dict[str, Dict[str, Any]] [attribute-error]"
False,
True,"File ""dummpy_input_file"", line 9, in login: Name 'credentials' is not defined [name-error]"
False,
False,
False,
True,"File ""dummpy_input_file"", line 10, in _regenerate: Name 'name' is not defined [name-error]"
False,
False,
False,
False,
False,
False,
False,
False,
False,
False,
False,
True,"File ""dummpy_input_file"", line 5, in document_service: Name 'doc_structure' is not defined [name-error]"
False,
False,
True,"File ""dummpy_input_file"", line 19, in fit: Name 'N_class' is not defined [name-error]"
False,
True,"File ""dummpy_input_file"", line 6, in _get_translations: Name 'localizer' is not defined [name-error]"
True,"File ""dummpy_input_file"", line 11, in render: unsupported operand type(s) for +: list and str [unsupported-operands]"
False,
False,
False,
False,
False,
False,
False,
False,
False,
False,
False,
False,
False,
False,
False,
False,
False,
False,
False,
False,
False,
False,
False,
False,
False,
False,
False,
False,
False,
True,"File ""dummpy_input_file"", line 5, in __unicode__: Name 'vals' is not defined [name-error]"
True,"File ""dummpy_input_file"", line 37, in test_get_image_details: Name 'image_130' is not defined [name-error]"
False,
False,
False,
False,
False,
False,
False,
False,
False,
False,
False,
False,
False,
False,
False,
False,
False,
False,
False,
False,
False,
False,
False,
False,
True,"File ""dummpy_input_file"", line 8, in test_successful_heartbeat: Name 'request_args' is not defined [name-error]"
False,
False,
False,
False,
False,
True,"File ""dummpy_input_file"", line 31, in test_labels: No attribute '_labels' on Dict[str, Any] [attribute-error]"
False,
False,
False,
False,
False,
False,
False,
True,"File ""dummpy_input_file"", line 11, in test_get_num_fds: No attribute 'get_num_fds' on psutil.Process [attribute-error]
File ""dummpy_input_file"", line 11, in test_get_num_fds: unsupported operand type(s) for +: 'p: psutil.Process' and '2: int' [unsupported-operands]"
False,
False,
False,
False,
False,
False,
False,
False,
False,
False,
False,
False,
False,
False,
False,
False,
False,
False,
False,
False,
False,
False,
False,
False,
False,
False,
False,
False,
False,
True,"File ""dummpy_input_file"", line 9, in test_submit_results_for_run_no_status: Name 'pv' is not defined [name-error]"
False,
False,
False,
False,
False,
False,
False,
True,"File ""dummpy_input_file"", line 5, in test02b__len__: Name 'length' is not defined [name-error]"
True,"File ""dummpy_input_file"", line 6, in handle_start_block: Name 'empty_anonymous_function' is not defined [name-error]"
False,
False,
True,"File ""dummpy_input_file"", line 6, in _lazy_setup: Name 'Admin' is not defined [name-error]"
False,
True,"File ""dummpy_input_file"", line 4, in __call__: Name 'message' is not defined [name-error]"
False,
False,
True,"File ""dummpy_input_file"", line 8, in list_pd: Name 'i' is not defined [name-error]"
False,
True,"File ""dummpy_input_file"", line 14, in load_test_data: No attribute 'feature_transform_mode' on str [attribute-error]"
False,
False,
False,
True,"File ""dummpy_input_file"", line 16, in fromjson: Name 'attrdef' is not defined [name-error]"
True,"File ""dummpy_input_file"", line 13, in test_reject_default_args: 'mock' object is not callable [not-callable]"
True,"File ""dummpy_input_file"", line 15, in shallow_run: Name 'shapiro' is not defined [name-error]"
False,
False,
False,
False,
False,
False,
False,
False,
False,
False,
False,
False,
False,
False,
False,
False,
False,
False,
False,
False,
False,
False,
False,
False,
False,
False,
False,
False,
False,
False,
False,
False,
False,
False,
False,
False,
False,
False,
False,
False,
False,
False,
False,
False,
False,
False,
False,
False,
False,
False,
False,
False,
False,
False,
False,
False,
False,
False,
False,
False,
False,
False,
False,
False,
False,
False,
False,
False,
False,
False,
False,
False,
False,
False,
False,
False,
False,
False,
False,
False,
False,
False,
False,
False,
False,
False,
False,
False,
True,"File ""dummpy_input_file"", line 30, in test_question_products: Name 'response' is not defined [name-error]"
False,
False,
True,"File ""dummpy_input_file"", line 4, in _test_fprop: Name 'output' is not defined [name-error]"
False,
True,"File ""dummpy_input_file"", line 5, in deleteAll: Name 'c' is not defined [name-error]"
True,"File ""dummpy_input_file"", line 9, in from_html_one: unsupported operand type(s) for item retrieval: Dict[str, Any] and int [unsupported-operands]"
False,
True,"File ""dummpy_input_file"", line 9, in test_K4: Name 'epsilon' is not defined [name-error]"
False,
False,
False,
False,
False,
False,
False,
False,
False,
False,
False,
False,
False,
True,"File ""dummpy_input_file"", line 25, in test_add_serial_fail: Name 'out' is not defined [name-error]"
False,
False,
False,
False,
False,
False,
False,
False,
False,
False,
False,
False,
False,
False,
True,"File ""dummpy_input_file"", line 6, in test_get_tag_single_value_no_exists: Name 'value' is not defined [name-error]"
True,"File ""dummpy_input_file"", line 14, in test_rolled_back_user_does_not_lead_to_foreign_key_error: No attribute 'history_user' on Dict[str, Any] [attribute-error]"
True,"File ""dummpy_input_file"", line 41, in build_filters: Name 'bbox' is not defined [name-error]"
True,"File ""dummpy_input_file"", line 18, in test_ip_assignment_according_to_template: Name 'node' is not defined [name-error]"
False,
False,
False,
False,
False,
False,
False,
False,
False,
False,
False,
False,
False,
False,
False,
False,
False,
False,
False,
False,
False,
False,
False,
False,
False,
False,
False,
False,
False,
False,
True,"File ""dummpy_input_file"", line 5, in get_net_start: Name 'net' is not defined [name-error]"
False,
False,
False,
False,
False,
False,
False,
False,
False,
False,
False,
False,
False,
False,
False,
False,
False,
False,
False,
False,
False,
False,
False,
False,
False,
False,
False,
False,
False,
False,
False,
False,
False,
False,
False,
False,
False,
False,
False,
False,
False,
False,
False,
False,
False,
False,
False,
False,
False,
False,
False,
False,
False,
False,
False,
False,
False,
False,
False,
False,
False,
False,
False,
False,
False,
False,
False,
False,
False,
False,
False,
False,
False,
False,
False,
False,
False,
True,"File ""dummpy_input_file"", line 4, in _init_events_for_vault: Name 'config' is not defined [name-error]"
False,
False,
False,
False,
False,
False,
False,
False,
True,"File ""dummpy_input_file"", line 3, in time_query_with_boolean_selection: Name 'max_val' is not defined [name-error]"
False,
False,
False,
False,
False,
False,
False,
False,
True,"File ""dummpy_input_file"", line 9, in wrap: Name 'context' is not defined [name-error]"
False,
False,
False,
False,
False,
False,
False,
False,
False,
False,
False,
False,
False,
True,"File ""dummpy_input_file"", line 12, in _update_bookmarks_from_date: Name 'info' is not defined [name-error]"
False,
False,
False,
False,
False,
False,
False,
False,
False,
False,
False,
True,"File ""dummpy_input_file"", line 26, in _init_baremetal_trunk_interfaces: Name 'is_provider_vlan' is not defined [name-error]"
False,
False,
False,
False,
False,
False,
False,
False,
False,
False,
False,
False,
False,
False,
False,
False,
False,
False,
False,
False,
False,
False,
False,
False,
False,
False,
False,
False,
False,
False,
False,
False,
False,
False,
False,
False,
False,
False,
False,
False,
False,
False,
False,
True,"File ""dummpy_input_file"", line 9, in getToken: Name 'data' is not defined [name-error]"
False,
True,"File ""dummpy_input_file"", line 9, in _apply_operator_JzKetCoupled: Name 'coupling' is not defined [name-error]"
True,"File ""dummpy_input_file"", line 7, in parse_resources_for_experiment_ids: Name 'resource_type_name' is not defined [name-error]"
False,
True,"File ""dummpy_input_file"", line 5, in parse_version: Name 'p' is not defined [name-error]"
True,"File ""dummpy_input_file"", line 8, in dse: Name 'dse' is not defined [name-error]"
True,"File ""dummpy_input_file"", line 6, in source: Name 'exc' is not defined [name-error]"
False,
False,
False,
False,
False,
False,
False,
False,
False,
False,
False,
False,
False,
False,
False,
False,
False,
False,
False,
False,
False,
False,
False,
False,
False,
False,
False,
False,
False,
False,
False,
False,
False,
False,
False,
False,
False,
False,
False,
False,
False,
False,
False,
False,
False,
False,
False,
False,
False,
False,
False,
False,
False,
False,
False,
False,
False,
False,
False,
False,
False,
False,
False,
False,
False,
False,
False,
False,
False,
False,
False,
False,
False,
False,
False,
False,
False,
False,
False,
False,
False,
False,
False,
False,
False,
False,
False,
False,
False,
False,
False,
False,
False,
False,
False,
False,
False,
False,
False,
False,
False,
False,
False,
False,
False,
False,
False,
False,
False,
False,
False,
False,
False,
False,
False,
False,
False,
False,
False,
False,
True,"File ""dummpy_input_file"", line 43, in main: Name 'count' is not defined [name-error]"
False,
False,
False,
False,
False,
False,
False,
False,
False,
False,
False,
True,"File ""dummpy_input_file"", line 9, in rows: No attribute 'config' on list [attribute-error]"
False,
True,"File ""dummpy_input_file"", line 5, in read: Name 'val' is not defined [name-error]"
True,"File ""dummpy_input_file"", line 6, in size: Name 'index' is not defined [name-error]"
False,
False,
False,
False,
True,"File ""dummpy_input_file"", line 4, in _erf_complex: Name 'v' is not defined [name-error]"
True,"File ""dummpy_input_file"", line 25, in get_conn: Name 'pillarenv' is not defined [name-error]"
False,
False,
True,"File ""dummpy_input_file"", line 8, in get_column_types: No attribute 'description' on Dict[nothing, nothing] [attribute-error]"
False,
True,"File ""dummpy_input_file"", line 9, in predict_variance: Name 'X_test_2' is not defined [name-error]"
True,"File ""dummpy_input_file"", line 8, in test_create_key: Name 'key' is not defined [name-error]"
False,
False,
False,
False,
False,
True,"File ""dummpy_input_file"", line 8, in test_mycomobject: Name 'p' is not defined [name-error]"
False,
False,
False,
False,
False,
False,
False,
False,
False,
False,
False,
False,
False,
False,
False,
False,
False,
False,
False,
False,
True,"File ""dummpy_input_file"", line 12, in test_durationfield_add: Name 'delta_math' is not defined [name-error]"
False,
False,
True,"File ""dummpy_input_file"", line 13, in collect: Name 'e' is not defined [name-error]"
False,
False,
False,
False,
False,
True,"File ""dummpy_input_file"", line 6, in decode_page: Name 'encoding' is not defined [name-error]"
False,
False,
False,
False,
True,"File ""dummpy_input_file"", line 4, in test_get_host_1_guest_2_json: Name 'r' is not defined [name-error]"
False,
True,"File ""dummpy_input_file"", line 13, in create_resource: Name 'body_serializers' is not defined [name-error]"
False,
False,
False,
False,
False,
False,
False,
False,
False,
False,
False,
False,
False,
False,
False,
True,"File ""dummpy_input_file"", line 8, in test_readonly_login_link_disabled: Name 'doc' is not defined [name-error]"
True,"File ""dummpy_input_file"", line 16, in _consume_nargs: Name '_args' is not defined [name-error]"
False,
False,
False,
False,
False,
False,
False,
False,
False,
False,
False,
False,
False,
False,
False,
False,
False,
False,
False,
False,
False,
False,
False,
False,
False,
False,
False,
False,
False,
True,"File ""dummpy_input_file"", line 27, in HpcConfig: Name 'd' is not defined [name-error]"
False,
False,
False,
True,"File ""dummpy_input_file"", line 10, in helper: Name 'submit' is not defined [name-error]"
False,
True,"File ""dummpy_input_file"", line 8, in _remove_child: Name 'cuid' is not defined [name-error]"
False,
False,
False,
False,
False,
True,"File ""dummpy_input_file"", line 10, in _get_session: Name 'login_res' is not defined [name-error]"
False,
False,
False,
False,
False,
True,"File ""dummpy_input_file"", line 10, in show: Name 'data' is not defined [name-error]"
False,
False,
False,
True,"File ""dummpy_input_file"", line 7, in _aybabtu: Name 'l' is not defined [name-error]"
True,"File ""dummpy_input_file"", line 4, in _find_toc_by_id: Name 'toc_item_r' is not defined [name-error]"
False,
False,
False,
False,
True,"File ""dummpy_input_file"", line 17, in __fit_no_precomputed_kernel: Name 'c' is not defined [name-error]"
False,
False,
False,
False,
False,
False,
True,"File ""dummpy_input_file"", line 18, in get_secret_payload: unsupported operand type(s) for item retrieval: list and str [unsupported-operands]"
False,
False,
False,
False,
False,
False,
False,
False,
False,
False,
False,
False,
False,
False,
False,
False,
True,"File ""dummpy_input_file"", line 6, in test_discover_datashape: Name 'columns' is not defined [name-error]
File ""dummpy_input_file"", line 6, in test_discover_datashape: 'symbol' object is not callable [not-callable]"
False,
False,
True,"File ""dummpy_input_file"", line 4, in get_by_address: Name 'db_vif' is not defined [name-error]"
False,
True,"File ""dummpy_input_file"", line 35, in mod_data: Name 'tfp' is not defined [name-error]"
False,
True,"File ""dummpy_input_file"", line 6, in test_flags_that_cause_program_abort: Name 'argv_2' is not defined [name-error]"
False,
False,
False,
True,"File ""dummpy_input_file"", line 6, in put: Name 'form' is not defined [name-error]"
False,
False,
False,
False,
False,
False,
False,
False,
False,
False,
False,
False,
False,
False,
False,
False,
False,
False,
False,
False,
False,
False,
False,
False,
False,
False,
False,
False,
False,
False,
False,
False,
False,
False,
False,
True,"File ""dummpy_input_file"", line 3, in is_listening: Name 'listener' is not defined [name-error]"
False,
False,
False,
False,
False,
False,
True,"File ""dummpy_input_file"", line 7, in NotifyUpdateEpisode: Name 'activity_func' is not defined [name-error]"
False,
False,
False,
False,
False,
True,"File ""dummpy_input_file"", line 14, in test_volume_snapshot_detail_with_volume_get_exception: Name 'url' is not defined [name-error]"
False,
True,"File ""dummpy_input_file"", line 5, in voter_file_process: Name 'voter_file' is not defined [name-error]"
True,"File ""dummpy_input_file"", line 17, in with_replaced_vars: Name 'newcc' is not defined [name-error]"
False,
False,
False,
False,
False,
False,
False,
False,
False,
True,"File ""dummpy_input_file"", line 6, in test_leave_group_not_joined_by_member: Name 'leave_group' is not defined [name-error]"
False,
False,
True,"File ""dummpy_input_file"", line 14, in test_copy_delete_updates: Name 'ori' is not defined [name-error]"
False,
False,
False,
False,
False,
False,
False,
False,
False,
False,
False,
False,
False,
False,
False,
False,
False,
False,
False,
False,
False,
False,
False,
False,
False,
False,
False,
False,
False,
False,
False,
False,
False,
True,"File ""dummpy_input_file"", line 8, in __getitem__: Name 'state' is not defined [name-error]"
False,
False,
True,"File ""dummpy_input_file"", line 15, in build_image_privileged_container: Name 'volume_bindings' is not defined [name-error]"
True,"File ""dummpy_input_file"", line 14, in image_exists: Name 'response' is not defined [name-error]"
False,
False,
False,
False,
True,"File ""dummpy_input_file"", line 5, in copy: No attribute 'copy' on Callable[[Any, Any], Any] [attribute-error]
File ""dummpy_input_file"", line 5, in copy: Name 'tmp' is not defined [name-error]"
False,
False,
False,
False,
True,"File ""dummpy_input_file"", line 4, in test_get: Name 'obj' is not defined [name-error]"
False,
False,
False,
False,
True,"File ""dummpy_input_file"", line 9, in test_binary_file_shelf: Name 'f' is not defined [name-error]"
False,
False,
True,"File ""dummpy_input_file"", line 8, in perform: Name 'o1' is not defined [name-error]"
True,"File ""dummpy_input_file"", line 5, in _check_values: Name 'cols' is not defined [name-error]"
False,
True,"File ""dummpy_input_file"", line 3, in format_milliseconds_in_day: Name 'msecs' is not defined [name-error]"
False,
True,"File ""dummpy_input_file"", line 4, in clone: Name 'obj' is not defined [name-error]"
False,
False,
False,
False,
False,
False,
False,
False,
False,
False,
False,
False,
False,
False,
False,
False,
False,
False,
False,
False,
False,
False,
False,
False,
False,
False,
False,
False,
False,
False,
False,
False,
False,
False,
False,
False,
False,
False,
False,
False,
False,
False,
False,
False,
False,
False,
False,
False,
False,
False,
False,
False,
False,
False,
False,
False,
False,
True,"File ""dummpy_input_file"", line 9, in test_dataset_elements_coord_transform_valid: Name 'actual' is not defined [name-error]"
False,
True,"File ""dummpy_input_file"", line 10, in rule_list: Name 'paginator' is not defined [name-error]"
False,
False,
True,"File ""dummpy_input_file"", line 18, in plot_acf_multiple: Name 'i' is not defined [name-error]"
False,
False,
False,
False,
False,
True,"File ""dummpy_input_file"", line 18, in test_parent_instance_saved_in_form_save: No attribute 'action_on_save' on Dict[str, str] [attribute-error]"
False,
False,
True,"File ""dummpy_input_file"", line 9, in test_field_override_save: Name 'c' is not defined [name-error]"
False,
True,"File ""dummpy_input_file"", line 8, in recv_authorizeWithDeviceName: Name 'result' is not defined [name-error]"
False,
False,
False,
False,
False,
False,
False,
False,
False,
False,
False,
False,
False,
False,
False,
False,
False,
False,
False,
False,
False,
False,
False,
False,
False,
False,
False,
False,
False,
False,
False,
False,
False,
False,
False,
False,
False,
False,
False,
False,
False,
False,
False,
False,
False,
False,
False,
False,
False,
False,
False,
False,
False,
False,
False,
False,
False,
False,
False,
False,
False,
False,
False,
False,
False,
False,
False,
False,
False,
False,
False,
False,
False,
False,
False,
False,
False,
False,
False,
False,
False,
False,
False,
False,
False,
False,
False,
True,"File ""dummpy_input_file"", line 5, in begin_element: Name 'element' is not defined [name-error]"
False,
True,"File ""dummpy_input_file"", line 27, in _verify_archive: Name 'b' is not defined [name-error]"
False,
False,
False,
False,
False,
False,
False,
False,
False,
False,
True,"File ""dummpy_input_file"", line 10, in create_order: Name 'voucher' is not defined [name-error]"
False,
False,
False,
False,
False,
False,
False,
False,
False,
False,
False,
False,
False,
False,
False,
False,
False,
False,
False,
False,
False,
False,
False,
False,
False,
False,
False,
False,
False,
False,
False,
False,
False,
False,
False,
False,
False,
False,
False,
False,
False,
False,
False,
False,
False,
False,
False,
False,
False,
False,
False,
False,
False,
False,
False,
False,
False,
False,
False,
False,
False,
False,
False,
False,
False,
False,
False,
False,
False,
False,
False,
False,
False,
False,
False,
False,
False,
False,
False,
False,
False,
False,
False,
False,
True,"File ""dummpy_input_file"", line 6, in setup_class: Name 'doc' is not defined [name-error]"
False,
False,
False,
False,
False,
False,
False,
False,
False,
False,
False,
False,
False,
False,
False,
False,
False,
False,
False,
False,
False,
False,
False,
False,
False,
False,
False,
False,
False,
False,
False,
False,
False,
False,
False,
False,
False,
False,
False,
False,
False,
False,
False,
False,
False,
False,
False,
False,
False,
False,
True,"File ""dummpy_input_file"", line 6, in get_output_mtime: Name 'full_output_path' is not defined [name-error]"
False,
False,
False,
False,
False,
False,
False,
False,
False,
False,
True,"File ""dummpy_input_file"", line 29, in __init__: No attribute 'backup_retention_period' on Dict[str, Any] [attribute-error]"
True,"File ""dummpy_input_file"", line 12, in __init__: Name 'pos' is not defined [name-error]"
True,"File ""dummpy_input_file"", line 3, in run: Name 'driver' is not defined [name-error]"
False,
True,"File ""dummpy_input_file"", line 23, in test_multi_link: unsupported operand type(s) for item retrieval: 'forwards: Callable[[], Any]' and ''u': str' [unsupported-operands]"
False,
False,
False,
True,"File ""dummpy_input_file"", line 3, in get_client: Name 'client' is not defined [name-error]"
False,
False,
False,
False,
False,
False,
False,
False,
False,
False,
False,
False,
False,
False,
False,
True,"File ""dummpy_input_file"", line 12, in undeploy: Name 'options' is not defined [name-error]"
True,"File ""dummpy_input_file"", line 62, in test_create: No attribute 'data' on Dict[str, Optional[Union[bool, float, int, str]]] [attribute-error]"
False,
False,
False,
True,"File ""dummpy_input_file"", line 13, in register_mult: Name 'deid_list' is not defined [name-error]"
False,
False,
False,
False,
True,"File ""dummpy_input_file"", line 7, in test_object_provider_name: Name 'o' is not defined [name-error]"
False,
True,"File ""dummpy_input_file"", line 5, in _resolve_rev: Name 'result' is not defined [name-error]"
False,
False,
False,
False,
False,
False,
False,
False,
False,
True,"File ""dummpy_input_file"", line 10, in testOutsiderNeedsOldAndNew: Name 'order' is not defined [name-error]"
False,
False,
False,
True,"File ""dummpy_input_file"", line 23, in DocbookHtmlChunked: Name 'r' is not defined [name-error]"
False,
False,
False,
False,
True,"File ""dummpy_input_file"", line 11, in activate_menu: Name '_entry' is not defined [name-error]"
False,
False,
False,
False,
False,
False,
False,
False,
False,
False,
False,
False,
False,
False,
False,
False,
False,
True,"File ""dummpy_input_file"", line 7, in get_urls: Name 'my_urls' is not defined [name-error]"
True,"File ""dummpy_input_file"", line 7, in ex_get_ip_threat_score: Name 'result' is not defined [name-error]"
False,
False,
False,
False,
False,
True,"File ""dummpy_input_file"", line 28, in prop_to_string: Name 'text' is not defined [name-error]"
False,
False,
True,"File ""dummpy_input_file"", line 23, in theano_repeat: Name 'shape' is not defined [name-error]"
False,
False,
False,
False,
True,"File ""dummpy_input_file"", line 5, in __exit__: unsupported operand type(s) for item retrieval: tuple and str [unsupported-operands]"
False,
False,
False,
False,
False,
True,"File ""dummpy_input_file"", line 4, in json: No attribute 'loads' on Callable[[Any, Any], Any] [attribute-error]"
True,"File ""dummpy_input_file"", line 40, in wrst: No attribute 'group' on None [attribute-error]"
True,"File ""dummpy_input_file"", line 8, in get_ports_data: Name 'ports' is not defined [name-error]"
True,"File ""dummpy_input_file"", line 8, in test_find_multiple_in_users: Name 'ids' is not defined [name-error]"
False,
False,
False,
False,
False,
False,
False,
False,
False,
False,
False,
False,
False,
False,
False,
False,
False,
False,
False,
False,
False,
False,
False,
False,
False,
False,
False,
False,
False,
False,
True,"File ""dummpy_input_file"", line 5, in _graphdata_intraday_sleep_request: Name 'base_date' is not defined [name-error]"
False,
False,
True,"File ""dummpy_input_file"", line 9, in test_publish_changes: Name 'remote' is not defined [name-error]"
False,
False,
False,
False,
True,"File ""dummpy_input_file"", line 7, in install: Name 'cmd' is not defined [name-error]"
True,"File ""dummpy_input_file"", line 6, in setUp: Name 'user' is not defined [name-error]"
False,
False,
False,
True,"File ""dummpy_input_file"", line 7, in test30_parse: No attribute 'resources' on str [attribute-error]"
False,
False,
False,
False,
False,
False,
False,
False,
False,
False,
False,
False,
False,
False,
False,
False,
False,
False,
False,
False,
False,
False,
False,
False,
False,
False,
False,
False,
True,"File ""dummpy_input_file"", line 20, in do_write: Name 'f' is not defined [name-error]"
False,
False,
False,
False,
False,
True,"File ""dummpy_input_file"", line 8, in __init__: No attribute 'email' on Dict[str, Any] [attribute-error]"
False,
False,
False,
False,
False,
False,
False,
False,
False,
False,
False,
False,
False,
False,
False,
False,
False,
True,"File ""dummpy_input_file"", line 10, in test_extra_path_added: Name 'classpath' is not defined [name-error]"
True,"File ""dummpy_input_file"", line 18, in testPatternAtBufsize: Name 'grepspec' is not defined [name-error]"
True,"File ""dummpy_input_file"", line 27, in validate: No attribute 'device' on str [attribute-error]"
False,
False,
False,
True,"File ""dummpy_input_file"", line 3, in addSubparser: Name 'parser' is not defined [name-error]"
False,
False,
True,"File ""dummpy_input_file"", line 3, in __repr__: No attribute 'link_macro' on str [attribute-error]"
True,"File ""dummpy_input_file"", line 37, in submit_mc_exam_answer: Name 'total' is not defined [name-error]"
False,
False,
False,
True,"File ""dummpy_input_file"", line 40, in process_request: Name 'args' is not defined [name-error]"
False,
False,
False,
False,
False,
False,
False,
False,
False,
False,
False,
False,
False,
False,
False,
False,
False,
False,
False,
False,
True,"File ""dummpy_input_file"", line 9, in __init__: Name 'reader' is not defined [name-error]"
False,
False,
True,"File ""dummpy_input_file"", line 6, in skip_if_server_version_lt: Name 'check' is not defined [name-error]"
False,
False,
False,
False,
False,
False,
False,
True,"File ""dummpy_input_file"", line 9, in get_cache: Name 'cache' is not defined [name-error]"
True,"File ""dummpy_input_file"", line 10, in handle_serial_read: Name 'msg' is not defined [name-error]"
False,
False,
False,
False,
False,
False,
True,"File ""dummpy_input_file"", line 18, in test_tukey: Name 'tuk1' is not defined [name-error]"
True,"File ""dummpy_input_file"", line 4, in list: Name 'response' is not defined [name-error]"
False,
False,
True,"File ""dummpy_input_file"", line 7, in test_boolean: Name 'boolean' is not defined [name-error]"
False,
False,
True,"File ""dummpy_input_file"", line 11, in write: Name 'fp' is not defined [name-error]"
True,"File ""dummpy_input_file"", line 7, in populate: Name 'season_num' is not defined [name-error]"
False,
True,"File ""dummpy_input_file"", line 7, in test_customized_view: Name 'response' is not defined [name-error]"
False,
True,"File ""dummpy_input_file"", line 16, in list_all_users: Function re.search was called with the wrong arguments [wrong-arg-types]"
False,
False,
False,
True,"File ""dummpy_input_file"", line 15, in test_get_image_index_by_base_attribute: No attribute 'context' on Dict[str, Optional[Any]] [attribute-error]"
False,
True,"File ""dummpy_input_file"", line 6, in callback: No attribute 'right_click' on tuple [attribute-error]"
False,
False,
False,
False,
True,"File ""dummpy_input_file"", line 5, in _test_list_view: Name 'content' is not defined [name-error]"
False,
False,
False,
False,
False,
False,
False,
False,
False,
True,"File ""dummpy_input_file"", line 4, in _color: Name 'b' is not defined [name-error]"
False,
False,
False,
False,
True,"File ""dummpy_input_file"", line 4, in get_config: Name '_' is not defined [name-error]"
False,
False,
False,
False,
True,"File ""dummpy_input_file"", line 19, in test_xform_parsing_with_repeat_group: No attribute 'items' on Iterator [attribute-error]"
False,
True,"File ""dummpy_input_file"", line 3, in truncate_table: Name 'cursor' is not defined [name-error]"
True,"File ""dummpy_input_file"", line 9, in sample_hdfs_directory_csv: Name 'fn' is not defined [name-error]"
True,"File ""dummpy_input_file"", line 22, in get_url_data: Name 'parsed_qs' is not defined [name-error]"
False,
False,
False,
False,
False,
False,
False,
False,
False,
True,"File ""dummpy_input_file"", line 7, in sh3: Name 'retcode' is not defined [name-error]"
True,"File ""dummpy_input_file"", line 39, in print_results: unsupported operand type(s) for item retrieval: 'results_printed: bool' and ''classifiers': str' [unsupported-operands]"
False,
False,
False,
False,
False,
False,
True,"File ""dummpy_input_file"", line 9, in execute: Name 'target' is not defined [name-error]"
False,
False,
True,"File ""dummpy_input_file"", line 5, in test05_rename: Name 'lgroup2' is not defined [name-error]"
False,
False,
False,
False,
False,
False,
False,
False,
True,"File ""dummpy_input_file"", line 7, in charref: Name 'c' is not defined [name-error]"
False,
False,
False,
True,"File ""dummpy_input_file"", line 5, in __setitem__: Name 'target' is not defined [name-error]"
True,"File ""dummpy_input_file"", line 11, in reduce_handle: Name 'dup_handle' is not defined [name-error]"
False,
False,
False,
True,"File ""dummpy_input_file"", line 8, in render: Name 'content' is not defined [name-error]"
False,
False,
False,
False,
False,
False,
False,
False,
False,
False,
False,
True,"File ""dummpy_input_file"", line 5, in test_create_file_with_statement: Name 'worksheet' is not defined [name-error]"
False,
False,
False,
False,
False,
False,
False,
False,
False,
False,
False,
False,
False,
False,
True,"File ""dummpy_input_file"", line 15, in unpackAll: Name 'enc_val' is not defined [name-error]"
False,
False,
False,
False,
False,
False,
False,
True,"File ""dummpy_input_file"", line 6, in test_from_self_count: Name 'Engineer' is not defined [name-error]"
False,
False,
False,
False,
False,
False,
False,
False,
False,
False,
False,
False,
False,
False,
False,
False,
False,
False,
False,
False,
False,
False,
False,
False,
False,
False,
True,"File ""dummpy_input_file"", line 21, in spancount: unsupported operand type(s) for >>: 'print: Callable[[], None]' and 'fw: TextIO' [unsupported-operands]"
False,
False,
False,
True,"File ""dummpy_input_file"", line 37, in testDailyEngagementReport: No attribute 'experiment' on int [attribute-error]"
False,
False,
False,
False,
False,
False,
False,
False,
True,"File ""dummpy_input_file"", line 5, in filters: Name 'users' is not defined [name-error]"
False,
True,"File ""dummpy_input_file"", line 5, in test__allocation_value_for_tenant_no_allocations: Name 'value' is not defined [name-error]"
False,
True,"File ""dummpy_input_file"", line 4, in get_app_default_debrief: Name 'app_module' is not defined [name-error]"
False,
False,
False,
False,
False,
True,"File ""dummpy_input_file"", line 5, in _prefix_from_prefix_string: Name 'prefixlen' is not defined [name-error]"
False,
True,"File ""dummpy_input_file"", line 3, in invoice_items: No attribute 'id' on Dict[str, Any] [attribute-error]"
False,
False,
True,"File ""dummpy_input_file"", line 14, in __call__: Name 'e' is not defined [name-error]"
False,
False,
True,"File ""dummpy_input_file"", line 6, in test_parses_subsample_off: Name 'parsed' is not defined [name-error]"
True,"File ""dummpy_input_file"", line 7, in test_form: Name 'form' is not defined [name-error]"
False,
True,"File ""dummpy_input_file"", line 3, in then_run_text_is_the_text_in_the_run: Name 'run' is not defined [name-error]"
False,
True,"File ""dummpy_input_file"", line 4, in test_interactive_len: Name 't' is not defined [name-error]"
False,
True,"File ""dummpy_input_file"", line 9, in init: Name 'ctl' is not defined [name-error]"
False,
False,
False,
False,
False,
False,
False,
False,
False,
False,
False,
False,
False,
False,
False,
False,
False,
False,
False,
False,
False,
False,
True,"File ""dummpy_input_file"", line 7, in _old_tests: Name 'failures' is not defined [name-error]"
False,
True,"File ""dummpy_input_file"", line 5, in get_file_info: Name 'uploaded_file_name' is not defined [name-error]"
False,
True,"File ""dummpy_input_file"", line 9, in main: Name 'data' is not defined [name-error]"
False,
False,
True,"File ""dummpy_input_file"", line 10, in _check_method: Name 'invocation_str' is not defined [name-error]"
False,
False,
False,
True,"File ""dummpy_input_file"", line 6, in _remove_call: Name 'delayed_call' is not defined [name-error]"
False,
False,
False,
False,
False,
False,
False,
False,
False,
False,
False,
False,
False,
False,
False,
False,
False,
False,
False,
False,
False,
False,
False,
False,
False,
False,
False,
True,"File ""dummpy_input_file"", line 11, in _add_tag: Name 'question' is not defined [name-error]"
False,
False,
False,
False,
True,"File ""dummpy_input_file"", line 11, in _initial_exec_lines: Name 'msg' is not defined [name-error]"
False,
False,
False,
False,
False,
False,
False,
False,
False,
False,
False,
True,"File ""dummpy_input_file"", line 15, in _retryPendingChildOperations: Name 'pending' is not defined [name-error]"
False,
False,
False,
True,"File ""dummpy_input_file"", line 7, in get_film: Name 'result' is not defined [name-error]"
False,
False,
False,
False,
False,
True,"File ""dummpy_input_file"", line 11, in test_processes_values: 'time' object is not callable [not-callable]"
False,
False,
False,
False,
False,
False,
False,
False,
False,
False,
False,
False,
False,
False,
False,
False,
False,
False,
False,
False,
False,
False,
False,
False,
False,
False,
False,
False,
False,
False,
False,
False,
False,
False,
False,
False,
False,
False,
False,
False,
False,
False,
False,
False,
False,
False,
False,
False,
False,
False,
False,
False,
False,
False,
False,
False,
False,
False,
False,
False,
False,
False,
False,
False,
False,
False,
False,
False,
False,
False,
False,
False,
False,
False,
False,
False,
False,
True,"File ""dummpy_input_file"", line 17, in build_static_extension: Name 'macros' is not defined [name-error]"
True,"File ""dummpy_input_file"", line 4, in exists: Function genericpath.exists was called with the wrong arguments [wrong-arg-types]"
False,
True,"File ""dummpy_input_file"", line 5, in perform: Name 'response' is not defined [name-error]"
False,
False,
False,
True,"File ""dummpy_input_file"", line 8, in test_company: Function Pattern.match was called with the wrong arguments [wrong-arg-types]"
False,
True,"File ""dummpy_input_file"", line 9, in RunCommand: Name 'stdout' is not defined [name-error]"
False,
False,
False,
False,
False,
True,"File ""dummpy_input_file"", line 22, in fit: Name 'po' is not defined [name-error]"
False,
True,"File ""dummpy_input_file"", line 7, in load: Name 'obj' is not defined [name-error]"
False,
True,"File ""dummpy_input_file"", line 7, in listen: Name 'callbacks' is not defined [name-error]"
False,
False,
False,
False,
False,
True,"File ""dummpy_input_file"", line 6, in context: Name 'doc' is not defined [name-error]"
True,"File ""dummpy_input_file"", line 3, in encode: No attribute 'is16bitRefNum' on str [attribute-error]"
False,
False,
False,
False,
False,
False,
False,
False,
False,
False,
False,
False,
False,
False,
False,
False,
False,
False,
False,
False,
True,"File ""dummpy_input_file"", line 4, in test_access_no_permission: Name 'response' is not defined [name-error]"
False,
False,
False,
False,
False,
True,"File ""dummpy_input_file"", line 5, in shortRunEmphasis: Name 'sre' is not defined [name-error]"
True,"File ""dummpy_input_file"", line 13, in send: Name 'user' is not defined [name-error]"
False,
True,"File ""dummpy_input_file"", line 4, in write_variable: Name 'ctypes_obj' is not defined [name-error]"
False,
False,
False,
False,
False,
False,
False,
False,
False,
True,"File ""dummpy_input_file"", line 3, in test_option_is_possible_without_authentication_for_default: No attribute 'collection_url' on str [attribute-error]"
False,
True,"File ""dummpy_input_file"", line 19, in run: Name 'target_type' is not defined [name-error]"
False,
False,
True,"File ""dummpy_input_file"", line 4, in invoke: Name 'inst' is not defined [name-error]"
False,
False,
False,
False,
False,
False,
False,
False,
False,
False,
False,
False,
False,
False,
False,
False,
False,
False,
False,
False,
False,
False,
False,
False,
False,
False,
False,
False,
False,
False,
False,
False,
False,
False,
False,
False,
False,
False,
False,
False,
False,
False,
False,
False,
False,
False,
False,
False,
False,
False,
False,
False,
False,
False,
False,
False,
False,
False,
False,
False,
False,
False,
False,
False,
False,
False,
False,
False,
False,
False,
False,
False,
False,
False,
False,
False,
False,
False,
False,
False,
False,
False,
False,
False,
False,
False,
False,
False,
False,
False,
False,
False,
False,
False,
False,
False,
False,
False,
True,"File ""dummpy_input_file"", line 21, in clean: Name 'secs_since_last_seen' is not defined [name-error]"
False,
False,
False,
False,
False,
False,
False,
True,"File ""dummpy_input_file"", line 22, in test_hasattr_predict_proba: Name 'msg' is not defined [name-error]"
False,
False,
False,
False,
False,
True,"File ""dummpy_input_file"", line 7, in test_small_integer_coerces_values_to_integers: Name 'form' is not defined [name-error]"
False,
False,
False,
False,
False,
True,"File ""dummpy_input_file"", line 7, in companion: Name 'n' is not defined [name-error]"
True,"File ""dummpy_input_file"", line 14, in get_resources: Name 'res' is not defined [name-error]"
True,"File ""dummpy_input_file"", line 8, in _get_raw_consumption_records_data: No attribute 'estimated' on List[nothing] [attribute-error]"
False,
False,
False,
False,
False,
False,
True,"File ""dummpy_input_file"", line 8, in save: No attribute 'context_type' on Dict[str, Any] [attribute-error]"
True,"File ""dummpy_input_file"", line 21, in discover_client_scheme: Name 'client_ver' is not defined [name-error]"
True,"File ""dummpy_input_file"", line 8, in __init__: Name 'file_path' is not defined [name-error]"
False,
True,"File ""dummpy_input_file"", line 4, in rmul: Name 'rv' is not defined [name-error]"
False,
False,
True,"File ""dummpy_input_file"", line 3, in create_signup_token: Name 'entity' is not defined [name-error]"
False,
True,"File ""dummpy_input_file"", line 11, in mapped_array: Name 'mappedview' is not defined [name-error]"
True,"File ""dummpy_input_file"", line 6, in test_random_with_seed: Name 'temp2' is not defined [name-error]"
False,
False,
False,
False,
False,
False,
False,
False,
False,
False,
False,
False,
False,
False,
False,
False,
False,
False,
False,
False,
False,
True,"File ""dummpy_input_file"", line 7, in get_factors: Name 'factors' is not defined [name-error]"
False,
False,
False,
False,
False,
False,
True,"File ""dummpy_input_file"", line 16, in test_create_string_index_with_correct_parameters_ns_length_extra: No attribute 'code' on Dict[nothing, nothing] [attribute-error]"
False,
False,
False,
False,
True,"File ""dummpy_input_file"", line 12, in fake_tasks: Name 'role' is not defined [name-error]"
False,
False,
False,
False,
False,
True,"File ""dummpy_input_file"", line 5, in test_create_action_success: Name 'resp' is not defined [name-error]"
False,
False,
False,
False,
True,"File ""dummpy_input_file"", line 4, in acc_child_count: Name 'children_elements' is not defined [name-error]"
True,"File ""dummpy_input_file"", line 5, in _finditer: Name 'obj_element' is not defined [name-error]"
False,
False,
False,
False,
False,
False,
False,
False,
False,
False,
False,
False,
False,
False,
False,
False,
False,
False,
False,
False,
False,
False,
False,
False,
False,
False,
False,
False,
False,
False,
False,
False,
False,
False,
False,
False,
False,
False,
False,
False,
False,
False,
False,
False,
False,
False,
False,
False,
False,
False,
False,
False,
False,
False,
False,
False,
False,
False,
False,
False,
False,
False,
False,
False,
False,
False,
False,
False,
False,
False,
False,
False,
False,
False,
False,
False,
False,
False,
False,
False,
False,
False,
False,
False,
False,
False,
False,
False,
False,
False,
False,
False,
False,
False,
False,
False,
False,
False,
False,
False,
False,
True,"File ""dummpy_input_file"", line 7, in cpmodpysetup: Name 'options' is not defined [name-error]"
True,"File ""dummpy_input_file"", line 6, in test_histogram_ellipsis_slice_range: Name 'sliced' is not defined [name-error]"
True,"File ""dummpy_input_file"", line 16, in print_tamil_words: unsupported operand type(s) for item retrieval: 'taletters: Iterator' and 'word: str' [unsupported-operands]"
True,"File ""dummpy_input_file"", line 18, in test_result_generation_when_one_test_has_two_cases: Name 'r2' is not defined [name-error]"
False,
False,
False,
False,
False,
False,
True,"File ""dummpy_input_file"", line 13, in test_connection_write_timeout: Name '_select' is not defined [name-error]"
False,
False,
False,
True,"File ""dummpy_input_file"", line 13, in get_alias_dict: Name 'result' is not defined [name-error]"
True,"File ""dummpy_input_file"", line 19, in test_move_container_with_dataset: Name 'creating_dataset' is not defined [name-error]"
False,
False,
True,"File ""dummpy_input_file"", line 10, in formatTime: No attribute 'default_msec_format' on str [attribute-error]"
True,"File ""dummpy_input_file"", line 6, in edit_view: Name 'names' is not defined [name-error]"
False,
False,
True,"File ""dummpy_input_file"", line 7, in testUserInfoParser: No attribute 'test_uid' on str [attribute-error]"
True,"File ""dummpy_input_file"", line 25, in _posterior_mode: Name 'lml' is not defined [name-error]"
False,
False,
False,
False,
False,
False,
False,
False,
False,
False,
False,
False,
False,
False,
False,
False,
False,
False,
False,
False,
False,
False,
False,
False,
False,
False,
False,
False,
False,
False,
False,
False,
False,
False,
False,
False,
False,
False,
False,
False,
False,
False,
False,
False,
False,
False,
False,
True,"File ""dummpy_input_file"", line 17, in execute: Name 'ga' is not defined [name-error]"
False,
False,
False,
False,
False,
True,"File ""dummpy_input_file"", line 13, in test_various_attributes: Name 'series_attrs' is not defined [name-error]"
True,"File ""dummpy_input_file"", line 10, in checkForSeries: Name 'reference' is not defined [name-error]"
True,"File ""dummpy_input_file"", line 17, in main: Name 'n_status' is not defined [name-error]"
False,
False,
False,
True,"File ""dummpy_input_file"", line 17, in test_ids_returns_for_python_version: Name 'uid' is not defined [name-error]"
True,"File ""dummpy_input_file"", line 12, in smallDHDemo: Name 'B' is not defined [name-error]"
False,
False,
False,
True,"File ""dummpy_input_file"", line 5, in test_restart_node_fail_node_not_found: Name 'result' is not defined [name-error]"
False,
False,
False,
False,
False,
False,
False,
False,
False,
False,
False,
False,
False,
False,
False,
False,
False,
False,
True,"File ""dummpy_input_file"", line 13, in purchase: Name 'hosted_customer' is not defined [name-error]"
False,
False,
False,
False,
False,
False,
False,
True,"File ""dummpy_input_file"", line 20, in _copy_body_to_tempfile: Built-in function len was called with the wrong arguments [wrong-arg-types]"
False,
False,
False,
False,
False,
False,
False,
True,"File ""dummpy_input_file"", line 7, in get_frequencies: Name 'item' is not defined [name-error]"
False,
False,
False,
False,
False,
False,
False,
False,
False,
False,
False,
False,
False,
False,
False,
False,
False,
False,
False,
False,
False,
False,
False,
False,
False,
False,
False,
False,
False,
False,
True,"File ""dummpy_input_file"", line 7, in test_compile_directory_exists: Name 'recipe' is not defined [name-error]"
True,"File ""dummpy_input_file"", line 5, in delete_collection_items: Name 'q' is not defined [name-error]"
False,
False,
False,
False,
False,
False,
False,
False,
False,
False,
False,
False,
False,
False,
False,
False,
False,
False,
False,
False,
False,
False,
False,
False,
False,
False,
False,
False,
False,
False,
False,
False,
False,
False,
False,
False,
False,
False,
False,
False,
False,
False,
False,
False,
False,
False,
False,
False,
False,
False,
False,
True,"File ""dummpy_input_file"", line 9, in main: Name 'no_namespace' is not defined [name-error]"
False,
False,
True,"File ""dummpy_input_file"", line 7, in test_get_conanfile_upload_urls: Name 'expected_urls' is not defined [name-error]"
False,
False,
False,
True,"File ""dummpy_input_file"", line 6, in __call__: Name 'index_value' is not defined [name-error]"
False,
False,
False,
False,
False,
True,"File ""dummpy_input_file"", line 8, in get_context_data: Name 'ctx' is not defined [name-error]"
False,
False,
False,
False,
False,
True,"File ""dummpy_input_file"", line 13, in test_clt_add_policy: Name 'mgr' is not defined [name-error]"
True,"File ""dummpy_input_file"", line 6, in test_default_param: Name 'response' is not defined [name-error]"
False,
False,
False,
False,
False,
False,
False,
True,"File ""dummpy_input_file"", line 7, in ImportFromSpreadsheet: Name 'ReadCSV' is not defined [name-error]"
False,
True,"File ""dummpy_input_file"", line 10, in test_removeItem: Name 'response' is not defined [name-error]"
False,
False,
False,
False,
False,
False,
True,"File ""dummpy_input_file"", line 7, in test_empty_file: Name 'rec' is not defined [name-error]"
False,
False,
True,"File ""dummpy_input_file"", line 20, in setUp: Name 'data' is not defined [name-error]"
False,
False,
False,
False,
False,
False,
True,"File ""dummpy_input_file"", line 5, in __init__: Name 'instrument' is not defined [name-error]"
False,
False,
False,
False,
True,"File ""dummpy_input_file"", line 2, in isIndexed: unsupported operand type(s) for 'in': 'i: int' and 'i: int' [unsupported-operands]"
True,"File ""dummpy_input_file"", line 6, in color_animation: No attribute '_obj' on str [attribute-error]"
False,
False,
False,
False,
False,
False,
False,
False,
False,
False,
False,
False,
False,
False,
False,
False,
False,
False,
False,
False,
False,
False,
False,
False,
False,
False,
False,
False,
False,
False,
False,
False,
False,
False,
False,
False,
False,
False,
False,
False,
False,
False,
False,
False,
False,
False,
False,
False,
False,
False,
False,
False,
False,
True,"File ""dummpy_input_file"", line 13, in _open_jar: Name 'zip_file' is not defined [name-error]"
False,
False,
False,
True,"File ""dummpy_input_file"", line 31, in test_ivgmm0_r: Name 'score' is not defined [name-error]"
False,
True,"File ""dummpy_input_file"", line 5, in display_message: Name 'text' is not defined [name-error]"
False,
False,
False,
False,
False,
False,
False,
False,
False,
False,
False,
False,
False,
False,
False,
False,
False,
True,"File ""dummpy_input_file"", line 5, in path: No attribute '_name' on List[nothing] [attribute-error]"
True,"File ""dummpy_input_file"", line 5, in Matches: Name 'child_filter' is not defined [name-error]"
True,"File ""dummpy_input_file"", line 13, in Compile: Name 'args' is not defined [name-error]"
False,
False,
True,"File ""dummpy_input_file"", line 4, in root_locations: Name 'roots' is not defined [name-error]"
False,
False,
False,
False,
False,
False,
True,"File ""dummpy_input_file"", line 3, in ByteSizePartial: No attribute 'has_module_' on int [attribute-error]"
False,
False,
False,
False,
True,"File ""dummpy_input_file"", line 10, in _monotonic: Name 'errno_' is not defined [name-error]"
True,"File ""dummpy_input_file"", line 5, in test_generate_location_matrix_within_only_strings: Name 'i' is not defined [name-error]"
False,
False,
False,
True,"File ""dummpy_input_file"", line 11, in test_read_and_redirect_unsafe_url: Name 'target_page' is not defined [name-error]"
False,
False,
False,
False,
False,
False,
False,
False,
False,
False,
False,
False,
False,
False,
False,
False,
False,
False,
False,
False,
False,
False,
False,
False,
False,
False,
False,
False,
False,
False,
False,
False,
False,
False,
False,
False,
False,
False,
False,
False,
False,
False,
False,
False,
False,
False,
False,
False,
False,
False,
False,
False,
False,
False,
False,
False,
False,
False,
False,
False,
False,
False,
False,
False,
False,
False,
False,
False,
False,
False,
False,
False,
False,
False,
False,
False,
False,
False,
False,
False,
False,
False,
False,
False,
False,
False,
False,
False,
False,
False,
False,
False,
False,
False,
False,
False,
False,
False,
False,
False,
False,
False,
False,
False,
False,
False,
False,
False,
True,"File ""dummpy_input_file"", line 37, in clonemedium: Name 'cmd' is not defined [name-error]"
False,
False,
True,"File ""dummpy_input_file"", line 6, in __init__: No attribute 'service_name' on Dict[str, Any] [attribute-error]"
False,
False,
False,
False,
False,
True,"File ""dummpy_input_file"", line 31, in test_create_a_bloom_repository: Name 'track' is not defined [name-error]"
False,
True,"File ""dummpy_input_file"", line 7, in allocate: No attribute 'free_memory' on bool [attribute-error]"
False,
False,
False,
False,
False,
False,
False,
False,
False,
False,
False,
True,"File ""dummpy_input_file"", line 7, in test_set_username_next_internal: Name 'res' is not defined [name-error]"
False,
False,
False,
True,"File ""dummpy_input_file"", line 5, in as_sql: Name 'params' is not defined [name-error]"
False,
False,
False,
False,
False,
False,
False,
False,
False,
True,"File ""dummpy_input_file"", line 18, in get_script: Name 'script_path' is not defined [name-error]"
False,
False,
False,
True,"File ""dummpy_input_file"", line 6, in test_phantomjs_headers_loading: Name 'headers' is not defined [name-error]"
False,
True,"File ""dummpy_input_file"", line 13, in the_suite: Name 'suite' is not defined [name-error]"
False,
False,
False,
False,
False,
False,
False,
False,
False,
False,
False,
False,
True,"File ""dummpy_input_file"", line 11, in entropy_of_list: Name 'probs' is not defined [name-error]"
False,
False,
True,"File ""dummpy_input_file"", line 10, in test_bad_urls: Name 'url' is not defined [name-error]"
False,
False,
True,"File ""dummpy_input_file"", line 4, in _finish: Name 'content' is not defined [name-error]"
True,"File ""dummpy_input_file"", line 4, in addHeadingAlgorithms: Name 'header' is not defined [name-error]"
True,"File ""dummpy_input_file"", line 8, in _populate_form: unsupported operand type(s) for item retrieval: 'il: int' and 'Any' [unsupported-operands]"
False,
False,
False,
True,"File ""dummpy_input_file"", line 12, in test_complex: Name 'q' is not defined [name-error]"
False,
False,
False,
False,
False,
False,
False,
False,
False,
False,
False,
False,
False,
False,
False,
False,
False,
False,
False,
False,
False,
False,
False,
False,
False,
False,
False,
False,
False,
False,
False,
False,
False,
False,
False,
False,
False,
False,
False,
False,
False,
False,
False,
False,
False,
False,
False,
False,
False,
False,
False,
False,
False,
False,
False,
False,
False,
False,
False,
False,
False,
False,
False,
False,
False,
False,
False,
False,
False,
False,
False,
True,"File ""dummpy_input_file"", line 2, in make_connection: No attribute 'factory' on Dict[str, Any] [attribute-error]"
False,
False,
False,
False,
False,
False,
False,
False,
False,
False,
False,
False,
False,
False,
False,
False,
False,
False,
False,
False,
False,
False,
False,
False,
False,
False,
False,
False,
False,
False,
False,
False,
False,
True,"File ""dummpy_input_file"", line 12, in error_report_from: Name 'numbers' is not defined [name-error]"
False,
False,
False,
False,
False,
False,
False,
False,
False,
False,
False,
False,
False,
False,
False,
False,
False,
False,
False,
False,
False,
False,
False,
False,
True,"File ""dummpy_input_file"", line 44, in messaging_compose: Name 'context' is not defined [name-error]"
False,
False,
False,
False,
True,"File ""dummpy_input_file"", line 19, in generate_stylesheet: Name 'css2' is not defined [name-error]"
False,
False,
False,
False,
False,
False,
False,
False,
False,
False,
False,
False,
False,
False,
False,
False,
False,
False,
False,
False,
False,
False,
False,
False,
False,
False,
False,
False,
False,
False,
True,"File ""dummpy_input_file"", line 5, in initial_csrf_signature: Name 'token' is not defined [name-error]"
True,"File ""dummpy_input_file"", line 10, in test_process_request_parse_request_failure: Name 'request' is not defined [name-error]"
True,"File ""dummpy_input_file"", line 14, in test_process_request_task_failure: No attribute 'task_uuid' on Dict[str, str] [attribute-error]"
False,
False,
False,
False,
True,"File ""dummpy_input_file"", line 4, in SlopeSatVaporPress: Name 'delta' is not defined [name-error]"
False,
True,"File ""dummpy_input_file"", line 3, in get_postable_recipients: Name 'p' is not defined [name-error]"
True,"File ""dummpy_input_file"", line 6, in pairwise: Name '_' is not defined [name-error]"
False,
True,"File ""dummpy_input_file"", line 5, in get_error_page: Name 'uri' is not defined [name-error]"
False,
False,
False,
False,
False,
False,
False,
False,
False,
False,
False,
False,
False,
False,
False,
False,
False,
False,
False,
False,
False,
False,
False,
False,
False,
False,
False,
True,"File ""dummpy_input_file"", line 24, in save: Name 'vds' is not defined [name-error]"
False,
False,
False,
False,
False,
False,
False,
True,"File ""dummpy_input_file"", line 12, in perform: Name 'rval' is not defined [name-error]"
False,
False,
False,
False,
False,
False,
False,
False,
False,
False,
False,
False,
False,
False,
False,
False,
False,
False,
False,
False,
False,
False,
False,
False,
False,
False,
False,
False,
False,
False,
False,
False,
False,
False,
False,
False,
False,
False,
False,
False,
False,
False,
False,
False,
False,
False,
False,
False,
False,
False,
False,
False,
False,
False,
False,
False,
False,
False,
False,
True,"File ""dummpy_input_file"", line 19, in cropToImageEdges: Name 'y' is not defined [name-error]"
False,
False,
False,
False,
False,
False,
False,
False,
True,"File ""dummpy_input_file"", line 9, in full_clean: Name 'e' is not defined [name-error]"
False,
False,
False,
False,
False,
False,
False,
False,
False,
True,"File ""dummpy_input_file"", line 6, in credit: Name 'token' is not defined [name-error]"
False,
False,
True,"File ""dummpy_input_file"", line 14, in __init__: No attribute 'instance' on tuple [attribute-error]"
False,
False,
False,
False,
False,
False,
False,
False,
False,
False,
False,
False,
False,
False,
False,
False,
False,
False,
False,
False,
False,
False,
False,
False,
True,"File ""dummpy_input_file"", line 5, in _deserialize: Name 'errors' is not defined [name-error]"
False,
False,
False,
False,
True,"File ""dummpy_input_file"", line 5, in test_multi_line: Name 'headers' is not defined [name-error]"
False,
False,
True,"File ""dummpy_input_file"", line 38, in get_sum_of_quotas_as_dict: unsupported operand type(s) for item retrieval: list and str [unsupported-operands]"
False,
True,"File ""dummpy_input_file"", line 11, in test_map: Name 'expr' is not defined [name-error]"
False,
False,
False,
False,
True,"File ""dummpy_input_file"", line 7, in test_assert_called_with_failure_message: Name 'asserters' is not defined [name-error]"
False,
True,"File ""dummpy_input_file"", line 8, in _check_randint: Name 'r' is not defined [name-error]"
True,"File ""dummpy_input_file"", line 7, in get_ast: Name 'source' is not defined [name-error]"
False,
True,"File ""dummpy_input_file"", line 6, in set_default_value: Name 'dv' is not defined [name-error]"
False,
True,"File ""dummpy_input_file"", line 3, in count_as_salesforce: No attribute 'source_expressions' on tuple [attribute-error]"
True,"File ""dummpy_input_file"", line 11, in test_index_creation_test_a: Name 'var_list' is not defined [name-error]"
False,
True,"File ""dummpy_input_file"", line 11, in get_script_name: Name 'script_name' is not defined [name-error]"
False,
True,"File ""dummpy_input_file"", line 3, in getNonWhiteSpace: Name 'start' is not defined [name-error]"
True,"File ""dummpy_input_file"", line 10, in test_tree_with_double_item: Name 'response' is not defined [name-error]"
False,
False,
False,
False,
False,
False,
False,
False,
False,
False,
False,
False,
False,
True,"File ""dummpy_input_file"", line 13, in fit: Name 'index' is not defined [name-error]"
False,
False,
False,
False,
False,
False,
False,
False,
False,
False,
False,
False,
False,
True,"File ""dummpy_input_file"", line 7, in test_mismatchedPID: Name 'sddaemon' is not defined [name-error]"
True,"File ""dummpy_input_file"", line 24, in __str__: No attribute 'addrAddr' on str [attribute-error]"
False,
False,
False,
False,
False,
False,
True,"File ""dummpy_input_file"", line 4, in nbr_longlat: Name 'idx' is not defined [name-error]"
True,"File ""dummpy_input_file"", line 8, in test_marthres_destroyer: Name 'indices' is not defined [name-error]"
False,
False,
False,
False,
False,
False,
False,
False,
False,
False,
False,
False,
False,
False,
False,
False,
False,
False,
True,"File ""dummpy_input_file"", line 13, in test_deep_loader: Name 'mod' is not defined [name-error]"
False,
False,
False,
True,"File ""dummpy_input_file"", line 8, in _object_getbuffer_hook: Name 'buf' is not defined [name-error]"
True,"File ""dummpy_input_file"", line 6, in get_url: No attribute 'site' on str [attribute-error]"
False,
False,
True,"File ""dummpy_input_file"", line 23, in for_each_cursor: Name 'key' is not defined [name-error]"
False,
False,
False,
False,
False,
False,
False,
False,
False,
False,
False,
False,
False,
False,
False,
False,
False,
False,
False,
False,
